4
4
0.9
0.1
20
8
4
0.0614286
1
7
0.0695387 0.930461 0.706696 0.293304 
0.0826446 0.454545 0.214876 0.247934 
0.025 0.1375 0.065 0.075 
0
1
0.0923654
226
796
0.3 0.7 0.9 0.1 
0 0.8 0.13 0.07 
0 0.13183 0.01931 0.00763 
1
4
0.1
0
2
0 1 0.502552 0.497448 
0.125 0.25 0.25 0.375 
0.05 0.1 0.1 0.15 
0
1
0.120045
256
674
0.19 0.81 0.45 0.55 
0 0.37 0.3 0.33 
0 0.141 0.1131 0.1263 
1
4
0.16
1
1
0.253968 0.746032 0.162664 0.837336 
0.232558 0.302326 0.232558 0.232558 
0.1 0.13 0.1 0.1 
0
2
0.0841988
157
536
0.42 0.58 0.27 0.73 
0 0.31 0.42 0.27 
0 0.12 0.18 0.11 
1
3
0.185399
372
502
0.549672 0.450328 0.1573 0.8425 
0.01 0.3 0.23 0.46 
0.004 0.12 0.0854 0.17323 
1
0
0.682875
364
428
0.539683 0.460318 0.057488 0.942512 
0.854694 0.0512845 0.072653 0.0213685 
0.999945 0.06 0.085 0.025 
1
